%YAML:1.0
---
type: IMU
name: STIM300
Gyr:
   unit: " rad/s"
   avg-axis:
      gyr_n: 5.2120181159657662e-04
      gyr_w: 7.2816980693457256e-06
   x-axis:
      gyr_n: 5.6467957535776317e-04
      gyr_w: 6.6576301852195697e-06
   y-axis:
      gyr_n: 4.7189549041272677e-04
      gyr_w: 3.8657809119865319e-06
   z-axis:
      gyr_n: 5.2703036901924002e-04
      gyr_w: 1.1321683110831075e-05
Acc:
   unit: " m/s^2"
   avg-axis:
      acc_n: 5.1123915528733790e-03
      acc_w: 2.3858920392145862e-04
   x-axis:
      acc_n: 5.7791495267522927e-03
      acc_w: 3.7570717720724429e-04
   y-axis:
      acc_n: 4.8532836069385158e-03
      acc_w: 1.3990610482203487e-04
   z-axis:
      acc_n: 4.7047415249293276e-03
      acc_w: 2.0015432973509683e-04
